-421
-362
232
-198
-225
-492
65
-197
189
49
326
-200
455
-338
-198
-335
304
-34
-96
466
-352
-197
294
197
276
-493
275
-480
25
476
72
63
-85
-16
-22
-441
160
-390
-48
-44
-217
237
-397
-39
-419
177
242
-390
399
442
251
83
167
151
-185
276
-156
-465
26
-232
-268
44
278
213
477
-237
385
-30
183
-257
4
194
-487
448
183
-89
-301
-168
115
-402
-236
165
-379
82
-276
489
395
264
-332
202
215
125
84
-316
-276
239
459
-110
-16
317
292
-228
-74
156
-63
-443
69
219
467
404
76
-489
-81
-72
-497
67
-77
-305
-12
487
-132
-380
-199
481
27
379
-391
328
224
443
-48
309
348
298
-195
492
-262
-36
-355
-334
-80
-324
296
-236
-374
203
-295
-344
-319
156
-184
263
401
-4
-52
171
470
-55
-372
58
448
240
494
-477
-49
267
-337
121
-378
-490
-172
458
-451
-178
67
-308
-176
-463
354
324
173
453
147
-433
127
188
407
-149
-151
134
-478
293
-165
86
-282
179
-319
272
313
-141
40
84
-466
-329
-172
-143
214
79
429
-244
-153
433
90
-196
384
494
-407
427
-104
263
359
311
-229
-12
487
35
123
-38
-397
388
-489
51
-277
-5
-217
-411
419
-25
239
-230
474
-172
-78
-408
-214
-411
-298
-470
202
-277
86
-247
-124
-450
0
228
-188
45
-317
293
233
-249
-25
-459
-255
295
209
-405
-480
295
-425
117
-312
-375
288
30
-111
-322
-299
398
-168
92
260
379
-198
257
-325
-327
495
55
276
-127
-209
445
36
223
352
-119
347
-9
-120
-393
-491
406
-352
468
-435
-249
-239
469
-162
-366
-157
-215
-39
-359
-10
96
239
-12
120
35
-401
-35
-481
202
-174
-258
88
-435
178
-492
-169
210
17
-276
82
353
231
-167
191
424
412
-474
-283
141
-471
-495
-16
-105
-268
-244
141
-142
370
344
-493
44
387
-55
141
323
162
-304
-210
-171
303
133
268
-264
58
137
364
-95
296
196
122
-427
-252
-123
172
-180
257
-307
333
-78
-134
472
339
172
-284
-463
466
-215
192
368
-238
216
235
387
338
-104
-263
-252
336
95
-109
-264
62
-326
-279
434
-204
10
273
-179
-434
-32
-137
368
463
330
293
-405
-481
20
170
78
213
428
-66
406
-162
-139
38
-224
-418
8
-144
-263
-470
-370
-90
165
-50
-218
241
-44
12
-130
302
293
-147
367
423
-493
102
-358
-272
-184
424
312
23
133
240
-185
96
435
471
-4
-262
57
-388
-375
337
332
-80
-372
144
237
279
-286
-434
-158
-374
140
53
-30
-63
30
174
440
-220
-460
-187
-283
106
276
424
-365
186
305
-16
-484
-368
-256
181
-272
-471
-410
87
-26
-2
-9
36
209
246
-319
6
-401
261
-375
-2
-60
322
-202
-224
-429
311
119
-274
143
-297
8
-450
473
230
-451
-291
381
459
-175
-59
-154
443
-300
-59
288
3
104
-29
-75
-230
325
-126
61
-193
-456
-306
333
468
109
-84
-91
364
443
-230
490
-60
62
479
196
471
124
-361
-64
183
-348
-4
121
356
-13
67
-293
-352
300
-127
-123
-366
-11
166
186
355
-125
413
-151
408
-469
-19
-500
429
-49
-152
440
125
274
-46
145
185
438
377
-346
47
72
477
-20
-458
-291
-239
-437
70
392
355
451
396
-207
341
95
211
289
27
151
170
-4
192
-95
-361
126
81
-127
-154
227
192
-304
111
11
-362
-218
-102
-67
-193
199
270
-83
-71
-464
95
-103
-456
-168
433
358
434
395
-90
-275
-16
-450
380
71
-160
-85
127
387
217
342
-300
159
-161
-115
-346
58
-304
-223
-19
328
381
-247
-434
155
309
242
82
-251
-60
-13
293
296
285
-114
-473
-412
-98
326
-408
392
-429
382
200
87
336
436
-442
159
-323
-126
162
156
-87
82
-156
-270
483
-275
262
98
332
-123
-53
-271
-452
-97
374
453
-143
-434
-344
-131
-316
89
256
499
52
-21
318
373
183
423
-428
-435
325
-364
-118
-297
-459
296
-396
-323
-436
-6
-441
193
-65
-29
39
-68
-438
-395
-199
-389
-282
-208
-28
324
325
-155
177
4
-94
388
414
409
-195
-119
-97
411
-479
170
411
61
461
478
-196
190
29
-437
64
-419
439
-114
311
78
121
460
346
33
164
58
-123
196
-382
99
271
-325
79
-350
-113
-447
-433
127
-89
-109
-307
240
-351
-261
487
281
-205
261
280
96
64
-481
-423
-165
-212
-155
34
370
-254
-37
-208
-286
-57
-138
-293
-371
-390
-122
175
10
-486
-188
475
-80
-116
381
310
107
45
383
-238
115
415
22
-466
251
-402
-257
362
-458
18
-303
-120
448
-402
479
-203
287
-469
358
171
416
-414
-230
81
-248
-456
157
450
-94
34
427
-176
-137
-300
176
-202
420
-173
-44
-469
366
16
133
492
316
432
-473
-179
-95
84
-477
75
187
-288
-154
29
145
440
282
206
-60
-208
-45
7
90
373
-484
247
-79
180
-124
-40
75
327
304
-101
-48
-223
265
-181
-483
-165
45
322
11
-148
136
-349
354
-353
152
480
44
250
90
73
-439
-374
-99
443
415
-221
400
224
-293
62
-500
360
-93
446
-423
-133
-325
-38
188
-395
247
132
495
-262
-264
365
393
-226
-473
-105
415
324
-264
-270
-162
-174
375
321
-96
238
-65