-500
-500
-497
-495
-493
-493
-493
-492
-492
-491
-490
-489
-489
-487
-486
-484
-484
-483
-481
-481
-481
-480
-480
-479
-478
-477
-477
-474
-473
-473
-473
-471
-471
-470
-470
-469
-469
-469
-466
-466
-465
-464
-463
-463
-460
-459
-459
-458
-458
-456
-456
-456
-452
-451
-451
-450
-450
-450
-447
-443
-442
-441
-441
-439
-438
-437
-437
-436
-435
-435
-435
-434
-434
-434
-434
-433
-433
-429
-429
-428
-427
-425
-423
-423
-421
-419
-419
-418
-414
-412
-411
-411
-410
-408
-408
-407
-405
-405
-402
-402
-402
-401
-401
-397
-397
-396
-395
-395
-393
-391
-390
-390
-390
-389
-388
-382
-380
-379
-378
-375
-375
-375
-374
-374
-374
-372
-372
-371
-370
-368
-366
-366
-365
-364
-362
-362
-361
-361
-359
-358
-355
-353
-352
-352
-352
-351
-350
-349
-348
-346
-346
-344
-344
-338
-337
-335
-334
-332
-329
-327
-326
-325
-325
-325
-324
-323
-323
-322
-319
-319
-319
-317
-316
-316
-312
-308
-307
-307
-306
-305
-304
-304
-304
-303
-301
-300
-300
-300
-299
-298
-297
-297
-295
-293
-293
-293
-291
-291
-288
-286
-286
-284
-283
-283
-282
-282
-279
-277
-277
-276
-276
-276
-275
-275
-274
-272
-272
-271
-270
-270
-268
-268
-264
-264
-264
-264
-263
-263
-262
-262
-262
-261
-258
-257
-257
-256
-255
-254
-252
-252
-251
-249
-249
-248
-247
-247
-244
-244
-239
-239
-238
-238
-237
-236
-236
-232
-230
-230
-230
-230
-229
-228
-226
-225
-224
-224
-223
-223
-221
-220
-218
-218
-217
-217
-215
-215
-214
-212
-210
-209
-208
-208
-208
-207
-205
-204
-203
-202
-202
-200
-199
-199
-198
-198
-198
-197
-197
-196
-196
-195
-195
-193
-193
-188
-188
-187
-185
-185
-184
-184
-181
-180
-179
-179
-178
-176
-176
-175
-174
-174
-173
-172
-172
-172
-171
-169
-168
-168
-168
-167
-165
-165
-165
-162
-162
-162
-161
-160
-158
-157
-156
-156
-155
-155
-154
-154
-154
-153
-152
-151
-151
-149
-148
-147
-144
-143
-143
-142
-141
-139
-138
-137
-137
-134
-133
-132
-131
-130
-127
-127
-127
-126
-126
-125
-124
-124
-123
-123
-123
-123
-122
-120
-120
-119
-119
-118
-116
-115
-114
-114
-113
-111
-110
-109
-109
-105
-105
-104
-104
-103
-102
-101
-99
-98
-97
-97
-96
-96
-95
-95
-95
-94
-94
-93
-91
-90
-90
-89
-89
-87
-85
-85
-84
-83
-81
-80
-80
-80
-79
-78
-78
-77
-75
-74
-72
-71
-68
-67
-66
-65
-65
-64
-63
-63
-60
-60
-60
-60
-59
-59
-57
-55
-55
-53
-52
-50
-49
-49
-48
-48
-48
-46
-45
-44
-44
-44
-40
-39
-39
-38
-38
-37
-36
-35
-34
-32
-30
-30
-29
-29
-28
-26
-25
-25
-22
-21
-20
-19
-19
-16
-16
-16
-16
-16
-13
-13
-12
-12
-12
-11
-10
-9
-9
-6
-5
-4
-4
-4
-4
-2
-2
0
3
4
4
6
7
8
8
10
10
11
11
12
16
17
18
20
22
23
25
26
27
27
29
29
30
30
33
34
34
35
35
36
36
38
39
40
44
44
44
45
45
45
47
49
51
52
53
55
57
58
58
58
58
61
61
62
62
62
63
64
64
65
67
67
67
69
70
71
72
72
73
75
75
76
78
78
79
79
81
81
82
82
82
82
83
84
84
84
86
86
87
87
88
89
90
90
90
92
95
95
95
96
96
96
98
99
102
104
106
107
109
111
115
115
117
119
120
121
121
121
122
123
124
125
125
126
127
127
127
132
133
133
133
134
136
137
140
141
141
141
143
144
145
145
147
151
151
152
155
156
156
156
157
159
159
160
162
162
164
165
165
166
167
170
170
170
171
171
172
172
173
174
175
176
177
177
178
179
180
181
183
183
183
183
185
186
186
187
188
188
189
190
191
192
192
192
193
194
196
196
196
197
199
200
202
202
202
203
206
209
209
210
211
213
213
214
215
216
217
219
223
224
224
227
228
230
231
232
233
235
237
237
238
239
239
239
240
240
240
241
242
242
246
247
247
250
251
251
256
257
257
260
261
261
262
263
263
264
265
267
268
270
271
272
273
274
275
276
276
276
276
278
279
280
281
282
285
287
288
288
289
292
293
293
293
293
293
294
295
295
296
296
296
296
298
300
302
303
304
304
305
309
309
310
311
311
311
312
313
316
317
318
321
322
322
323
324
324
324
325
325
325
326
326
327
328
328
330
332
332
333
333
336
336
337
338
339
341
342
344
346
347
348
352
353
354
354
355
355
356
358
358
359
360
362
364
364
365
366
367
368
368
370
370
373
373
374
375
377
379
379
380
381
381
381
382
383
384
385
387
387
387
388
388
392
392
393
395
395
396
398
399
400
401
404
406
406
407
408
409
411
411
412
413
414
415
415
415
416
419
420
423
423
424
424
424
427
427
428
429
429
432
433
433
434
434
435
436
438
439
440
440
440
442
443
443
443
443
445
446
448
448
448
450
451
453
453
455
458
459
459
460
461
463
466
466
467
468
468
469
470
471
471
472
473
474
475
476
477
477
478
479
479
480
481
483
487
487
487
489
490
492
492
494
494
495
495
