-94
455
-252
70
167
89
-68
253
-106
311
-145
2
448
-493
-489
-299
224
159
354
-92
187
492
186
420
-385
-117
440
-341
-409
1
-246
-43
-81
-284
469
-459
-141
-62
122
396
113
492
43
340
-255
-393
-65
-91
-494
-284
-130
339
375
-239
195
-86
-231
-173
-45
-216
148
-227
161
393
57
397
-418
231
-463
469
342
-214
-463
457
295
195
-52
345
174
-493
447
31
-348
374
-369
-86
82
-343
21
55
272
-469
482
-162
-253
-160
-170
150
-217
-152
-476
203
-129
-464
-126
-417
302
417
-34
499
465
-77
153
-52
-164
-383
-380
286
261
-358
-185
424
-290
-18
-303
310
-197
198
209
-45
-135
297
62
-175
482
-256
-340
-385
0
-453
111
164
191
21
89
-152
-122
34
-499
-370
-281
43
389
-360
-467
-400
-7
388
339
64
280
-396
-293
-490
134
-332
361
-173
-35
-408
456
-496
-214
213
31
151
-268
189
393
349
-69
269
196
79
-265
321
408
-79
-208
382
251
-228
-224
436
-233
7
-44
181
387
-80
-14
-449
-431
409
-327
-285
-244
-325
109
-119
367
303
494
490
-368
-490
-93
128
275
312
-240
-60
-466
82
-159
184
228
-150
-55
-476
-306
51
302
-28
-138
-120
200
287
-95
-480
65
232
312
410
-485
447
-223
-214
303
-244
-401
327
406
-426
-340
-454
-484
-14
68
-11
-13
406
229
84
-314
-185
-499
22
127
251
-190
120
-278
254
-253
27
127
-377
67
-107
-93
-59
46
-312
425
-133
145
227
-188
-184
-136
-287
-282
416
33
159
-497
-273
223
199
445
255
158
-448
446
-22
104
-349
327
133
-82
392
418
-326
-418
-455
-141
40
159
319
169
-226
-291
-189
-113
-404
-98
-194
-279
88
24
-101
-101
367
-52
152
282
-6
-258
-54
262
-6
400
178
397
-29
-205
-457
334
-13
-200
-38
68
404
-470
171
45
-153
165
349
-424
-202
429
-261
-391
-482
-7
-449
226
-70
-237
364
-203
-287
-443
-325
-127
31
-87
415
301
-142
-28
234
-212
-439
331
-5
337
276
-394
-66
329
-107
-131
-36
64
161
69
379
478
-257
-183
-97
-276
-65
-336
-145
346
354
-203
-486
433
249
-453
218
325
-305
451
-453
-313
497
-286
449
-177
328
-465
404
343
92
110
212
461
34
437
57
-460
-432
9
352
397
-25
148
482
-21
-408
1
-421
-154
151
139
-132
210
22
191
480
-471
-133
-420
-105
-101
-240
12
-246
-256
84
-448
-101
312
-11
177
256
185
-402
-350
211
-152
-269
-30
-269
-173
455
57
-308
453
-259
-498
-61
342
456
28
172
488
-387
-48
136
463
-106
238
394
-461
-399
-233
357
473
382
183
111
-128
480
131
298
397
348
-432
-56
203
-180
-200
-498
82
113
56
355
461
-496
268
71
145
13
247
454
-7
75
-308
-275
188
200
-282
-429
58
-110
-433
362
-176
229
274
-361
-455
-492
433
143
-407
236
-189
-75
45
-89
396
469
-386
-389
466
358
-267
177
-195
-178
156
343
255
-498
-399
-271
-57
-308
46
194
31
-269
-271
129
26
137
79
-397
361
256
-237
266
179
-223
304
-252
457
-53
-76
-292
128
147
-76
-48
-18
-299
-248
431
41
363
-208
-381
379
351
380
164
239
-16
84
-172
-221
-371
316
48
-442
389
-336
-22
-302
353
-228
496
268
-163
-435
383
306
276
-354
-175
-116
148
61
497
-36
-356
387
327
-103
-361
8
-28
362
-405
428
-2
331
376
-107
92
-463
274
232
188
91
-204
-149
41
286
496
357
462
-162
-241
444
131
68
318
-417
414
-498
-164
-419
-441
-156
300
-366
172
-91
66
-448
430
-117
53
-213
110
415
372
-95
-332
293
-154
-459
-100
-219
45
-367
102
-349
-203
430
-488
292
-21
90
200
192
173
-157
291
-339
178
-369
-281
443
427
79
284
471
-167
215
195
-87
415
-380
156
-206
180
277
298
166
32
21
-388
136
-460
-363
403
463
87
417
-258
29
114
-494
-386
-286
322
-43
-146
465
-152
130
317
81
-265
99
376
-141
434
-94
-489
395
45
-376
129
-343
-481
83
403
289
176
321
-116
-84
-27
-334
298
409
-494
-59
-28
-277
-77
332
-183
401
203
30
-99
-59
-240
44
-472
-320
405
-154
483
-10
-123
457
-306
-261
53
64
-211
27
-255
-99
-392
-432
300
467
-148
-8
434
288
-28
212
306
227
-47
-11
-319
-38
28
-368
292
-297
10
-374
-318
-192
32
-451
-253
-267
169
358
43
290
155
-198
-78
-168
140
-207
-309
36
-254
-383
373
-229
183
149
3
205
-443
-409
-465
-344
234
-459
390
481
386
-9
-66
-197
-255
200
-382
113
-332
-484
-429
-350
-434
349
321
-265
441
-244
457
-107
-248
411
125
383
45
42
-324
77
323
-113
-445
113
-88
-60
-54
-351
358
387
-210
45
498
-241
-397
167
77
-147
138
-293
-230
299
-286
-23
-416
-3
228
475
366
51
258
203
24
41
290
280
460
-43
238
126
-98
171
-124
-446
465
-89
-106
493
307
457
-195
-308
403
468
-193
-477
-328
77
29
414
212
-29
-218
-194
-371
87
-479
-43
-31
-178
207
-381
114
-488
305
98
-77
-340
11
173
-398
235
-333
409
-254
66
299
56
-267
266
108
-118
428
323
413
431
-111
-431
425
-122
-111
437
24
-15
-250
-315
77
391
-337
208
100
-488
-435
355
311
477
-196
-127
-440
62
288
-36
-277
202
213
-176
-309
290
-402
373
-291
-147
-265
-367
-217
-335
-289
181
158
-440
488
407
-107
25
-334
96
-184
-427
-488
436
126
-485
-491
-138
90
425
213
321
271
425
494
286
293
-211
-1
-253
276
432
71
145
265
123
214
-500
73
380
-429
198
36
-383
-492
-383
278
-339
-253
-307
-157
373
43
-142
-48
-111
409
232
-435
-298
-386
-396
-475
418
319
-116
1
-134
-330
-497
-199
-491
288
209
354
-485
-215
154
417
376
-492
131
-458
-194
403
403
-111
-287
-307
-124
213
481
434
-129
266
466
172
117
-203
123
116
-88
490
-257
392
-166
-416
333
3
-64
-396
-245
315
-311
-307
-18
-438
219
-485
416
494
-212
-328
294
-211
-181
-425
-84
443
387
-158
168
-144
-207
-240
96
140
298
-87
68
318
56
209
257
-229
-42
-334
245
-323
-217
404
453
101
-119
129
-173
-261
-304
454
73
-241
168
389
116
-406
-64
399
21
428
97
342
-237
-194
-54
-402
-62
79
-85
22
330
-348
-171
-262
160
483
-111
-434
474
164
433
-144
-56
344
340
-191
-350
166
-408
162
335
59
145
316
80
-59
140
147
-345
-218
-310
247
324
173
-377
-80
429
-71
-271
133
205
-130
424
356
494
-259
-102
-81
-35
-364
448
272
-14
252
187
-229
6
13
158
-282
-158
242
410
192
-26
-315
32
270
221
-81
-121
220
-64
-41
457
-35
135
288
322
-161
-458
-279
-319
-482
-166
-82
-239
-429
486
352
414
-84
270
-490
-209
462
-41
-269
-118
309
208
127
198
-454
256
-273
-164
-474
295
-278
135
218
191
-181
-324
-380
60
391
-142
-444
423
-39
284
368
5
463
450
-75
-332
494
-495
-97
-94
-488
130
-85
23
-365
-239
-394
-418
-266
-224
263
-284
-304
225
-50
334
-330
-98
67
373
-174
385
-253
342
329
41
293
-223
410
358
300
-284
-269
-189
178
189
260
97
-75
130
-249
474
189
-315
-480
151
-191
-262
-1
90
498
92
-63
29
-421
-373
-118
73
193
94
-32
329
-329
-124
-25
47
485
384
-453
261
-426
73
476
437
122
-148
-304
-438
321
-323
-269
55
277
-181
359
-292
278
201
-269
50
-194
-313
403
331
-338
-78
302
-188
209
-27
166
-76
-309
238
16
-75
116
0
407
227
431
-180
251
15
-138
413
-449
351
16
-233
268
-217
152
-4
-46
386
169
-356
275
-301
49
383
-148
-152
10
307
-137
-462
302
-66
91
-222
294
4
119
485
-64
-113
-31
-252
-130
450
295
-58
204
-117
272
194
-217
130
255
-29
225
207
-323
-453
467
-97
-495
55
49
-487
-451
-419
175
-10
-11
-352
376
-32
-50
-219
174
26
329
99
-412
410
143
-373
-466
168
255
-328
179
-381
52
-414
-174
71
-482
-467
-118
414
199
-143
401
213
267
-287
394
124
318
314
-320
-26
296
-302
378
78
459
-443
259
377
20
380
-242
376
-98
55
438
-98
321
-196
-50
-83
398
260
326
-28
197
-126
-358
-70
-267
-90
350
440
492
-296
-178
-147
-292
247
112
460
-227
4
-107
319
-401
-475
-190
-289
-225
-9
302
13
-136
263
75
-464
-128
-95
381
85
414
-172
144
-390
-471
-183
384
-302
-268
84
-307
-427
192
-10
-357
-107
-134
-493
-127
172
-437
431
-345
241
107
-164
76
-272
128
-214
481
302
366
-473
-455
444
360
-217
289
281
-360
-388
478
191
-203
228
321
373
120
-318
169
-136
-468
-291
21
483
-327
403
2
192
241
155
69
446
102
-109
-293
164
-56
-302
33
-418
-282
91
31
450
452
-36
-57
378
15
202
108
-54
116
117
270
157
5
-438
271
456
281
-404
-461
-16
43
-468
-412
406
21
-344
-71
-79
148
87
-354
-60
177
70
-470
209
-41
123
-323
-461
-453
-378
-171
484
121
49
-342
-119
-73
76
-199
-379
52
-453
-93
419
-125
36
-144
-141
-228
-313
298
-471
-29
-171
480
435
-469
-439
-4
-343
419
499
-63
-80
203
-397
-215
472
497
-453
494
-428
-214
-476
388
129
-337
-389
-166
423
-234
318
266
360
-176
-200
13
-208
69
-277
-151
-134
-421
-357
-298
52
110
486
-284
-229
-249
-116
-139
-276
-308
226
243
-54
-60
-150
272
420
226
73
391
-399
-268
76
-404
-98
89
493
-98
274
197
128
492
-358
322
-164
-481
-324
394
-437
171
382
-43
42
167
98
57
-433
351
-282
-50
-71
139
5
-248
-399
-181
-467
390
313
181
-243
481
86
27
64
233
100
123
-396
-170
96
-474
163
401
-492
144
190
409
-3
345
22
-359
-316
-177
-232
488
-14
390
221
-484
486
-215
-419
-119
-87
400
370
-485
-398
364
456
-56
247
388
354
-97
475
104
-257
-44
128
-377
-108
467
-341
-384
297
-237
-242
76
-254
209
401
-413
-156
-190
445
-218
-13
-392
273
175
306
132
389
-423
-107
-204
-32
365
-487
382
147
-236
-112
362
393
-387
-278
-203
-398
106
256
26
118
-254
42
160
43
44
-42
193
-384
-366
182
452
-184
259
-422
-419
222
1
294
-108
63
-136
-438
137
199
-19
-83
331
-440
-310
-495
-333
419
-220
-486
142
35
233
252
424
-93
-181
266
12
81
-65
45
-367
-466
-360
74
101
312
-137
463
-247
-316
404
461
-439
-374
126
133
425
-372
15
-467
-464
245
-64
45
489
248
370
485
-257
98
50
-445
-237
436
-216
297
419
115
-96
-146
55
-183
261
-42
130
271
190
297
281
186
340
-117
-435
-99
9
-112
98
95
85
352
441
-122
219
155
134
349
197
-375
342
328
213
-191
224
-339
-22
218
483
477
414
-283
-442
-427
-296
56
257
-334
489
362
-74
396
-301
-176
-470
51
-87
-324
97
-395
324
281
-426
64
454
452
472
30
158
404
423
290
-96
120
180
-133
294
368
-327
-338
398
-33
359
335
199
446
129
-111
-221
-328
247
-199
-380
378
-347
-367
-357
-7
-382
-248
84
-274
7
-415
439
135
-9
78
144
162
257
44
-497
-65
-293
-144
422
-262
365
-493
-178
83
-249
-14
-344
121
169
25
-34
46
-276
-200
249
421
78
171
460
274
396
-437
-45
-450
245
116
-85
-298
-202
185
171
297
-289
404
128
-389
429
-500
475
-479
428
-183
465
465
-388
-403
-63
-43
295
-419
356
35
-104
-353
-158
301
52
-229
338
134
-430
454
-177
484
354
169
-165
-180
172
138
492
78
196
438
345
78
-403
-11
438
147
-321
458
-93
-283
329
-365
-100
-437
61
326
58
157
-338
-160
450
474
494
481
-389
-57
261
-383
284
-343
-411
-222
338
-43
-199
263
204
-437
-167
-310
-45
-388
46
-394
-346
218
-232
-228
258
346
-421
-166
-85
-145
488
371
84
-384
-122
-6
385
-438
-327
-250
-373
51
-203
443
261
298
-378
-5
-177
471
385
337
-73
388
327
-108
-325
-11
-142
438
-423
254
362
-18
-31
-71
-321
88
184
338
-196
-108
439
-204
478
103
-79
-176
10
460
223
83
-490
-57
-30
-350
-56
195
-212
486
-181
-104
203
-265
-328
-127
188
314
-27
-169
118
34
310
-15
166
-8
398
-370
410
-277
470
350
479
-102
-286
-7
243
-82
-488
-181
485
-16
-201
198
18
408
189
203
-376
104
415
106
351
-322
-159
-311
273
25
277
477
-249
-187
285
-435
-485
-31
-84
-196
-480
178
129
-231
302
-346
-154
-366
-265
-388
466
258
303
-306
-494
-195
-192
-137
499
300
-444
-476
220
-282
141
-465
-432
171
198
-267
183
-451
-9
-116
183
-54
475
145
304
197
332
-293
454
161
59
-482
-326
-444
-193
-21
257
151
-30
116
-252
496
457
-90
127
267
-415
174
-65
-499
-72
416
-234
-82
11
59
-170
162
59
-199
467
349
-431
-441
159
123
360
-489
-137
-281
-24
-469
78
374
-364
186
-12
64
-483
-463
111
-342
271
453
-268
142
252
255
44
247
-351
-406
-408
-332
149
-102
426
397
251
-496
406
-427
-190
-284
25
-104
-163
-109
-218
324
-429
265
144
21
190
309
-423
-384
327
-483
370
-396
-33
116
-431
-119
439
-90
-275
237
260
91
312
-487
-369
37
347
54
-73
335
-196
-140
-27
219
176
-116
-50
70
-23
340
-179
309
-430
234
-367
301
106
194
-353
-357
-44
427
-335
44
-436
-20
452
131
-111
-347
461
22
188
491
212
10
131
247
439
185
430
-132
432
-115
-84
451
20
-422
379
-170
430
-347
-93
-216
-122
-124
-306
428
155
-304
-69
319
-320
-176
378
298
-380
-422
-479
123
-330
359
254
-38
-287
-412
494
280
-372
-388
459
374
251
-441
-278
307
-385
-96
112
-164
-185
202
-409
243
-247
-389
-313
108
6
117
330
-58
-443
-245
-340
-429
-102
445
-430
-210
-118
-86
300
42
-264
57
-433
-379
-399
-429
183
215
-35
185
-193
-33
267
-490
-291
-399
400
-114
-227
10
-218
17
316
-5
399
-349
-92
-330
-167
-178
453
401
402
48
7
195
-457
-434
6
-65
434
-385
476
-129
448
192
-197
-112
236
469
-110
495
-360
-211
-240
219
240
71
-279
450
162
12
-119
-357
231
-94
65
-281
3
13
-443
333
379
338
75
-333
41
-55
47
-293
347
-480
-67
-136
431
457
260
112
-212
287
455
-28
345
55
273
-79
233
332
140
42
-373
-416
384
-278
411
57
-384
-198
213
-407
-322
-205
-476
-486
-398
141
-421
-483
-289
273
145
452
431
215
58
85
488
-177
-435
-347
-67
208
304
-495
-420
263
-364
-290
-48
-126
341
-42
398
-306
109
159
-52
330
-48
-369
-158
216
121
366
396
-326
-347
-332
164
-174
68
292
-263
59
159
-31
-10
-482
434
-161
5
368
64
336
431
-314
-447
236
-394
398
-363
-343
371
433
311
217
-414
438
-392
405
109
468
46
-374
305
-451
-279
-161
34
-360
-332
-71
396
-387
126
-26
-348
284
434
209
-380
-83
-438
265
-311
-89
420
-197
248
442
-117
52
409
-472
230
36
-178
-63
-469
381
465
214
-299
465
230
207
-240
258
-193
-164
64
-198
-497
-102
285
-308
406
280
437
-106
-372
417
90
91
257
116
19
367
-118
-411
-348
214
253
-448
244
-95
-285
-404
-465
-19
-350
-338
496
-89
-122
-420
48
10
-257
37
130
41
0
137
253
-452
-377
109
-292
-387
-313
-108
-125
-283
-316
350
49
450
154
-121
477
310
244
-44
-257
466
420
-322
-287
176
-433
-491
124
345
-41
110
-286
-384
-201
195
-218
105
387
422
-207
257
287
279
-273
27
31
97
355
364
60
320
297
-456
-107
287
-373
444
-104
32
-455
-322
268
29
257
73
136
-67
150
459
-403
-128
423
322
-338
-15
-322
-359
451
186
-355
-31
-347
260
-215
139
313
-330
222
12
68
-163
-291
-146
376
-386
489
-243
-479
154
391
-403
446
396
266
-313
397
474
381
408
108
485
493
210
-114
76
-475
-492
-256
-382
260
-35
211
-362
-110
260
-337
68
446
-453
-4
420
-380
-203
294
-453
22
-244
493
-403
242
338
-212
314
404
83
-157
-1
468
-200
-411
481
-488
403
394
-75
-114
308
6
-494
-476
-172
-472
334
-89
187
365
196
415
-162
-447
268
-486
-353
-125
421
-323
396
-267
307
-84
164
100
145
457
15
407
-283
-97
-132
161
214
250
487
-428
-87
309
-46
-98
-284
218
146
83
129
-253
-179
466
365
27
472
-252
-11
74
198
89
-140
228
-118
376
396
280
147
-207
47
177
-161
-482
-473
-425
462
-389
222
-6
-483
-411
270
-420
470
-102
136
48
-458
189
-70
-381
-329
-361
-449
-103
211
184
-74
78
5
-64
-430
-147
-464
451
407
-197
439
290
65
361
25
494
57
109
319
-220
257
484
-261
-152
237
457
363
-73
5
-301
466
130
-137
-223
184
-356
488
81
-482
-84
-456
-481
-10
-167
109
-248
-376
69
94
-324
82
-59
77
-69
427
-58
-162
-343
198
-388
-11
108
-54
208
-164
-191
-74
-213
-324
-119
-494
475
90
-98
-265
238
-7
406
238
-15
333
-206
332
-172
117
25
-448
432
-151
-259
306
331
383
406
426
-65
72
282
496
-200
326
336
-108
-287
-330
106
350
-326
-305
-312
449
-69
-82
-288
-221
-305
275
-383
-410
311
-244
-7
437
434
74
-326
-409
184
-25
299
-335
210
409
-62
159
496
401
119
-343
-490
174
378
236
-339
-208
-126
-88
170
127
231
159
-46
192
-315
-457
-168
398
-42
138
495
15
-334
198
-105
-477
-261
21
479
53
-218
-206
-344
460
-421
-364
-122
256
276
142
-301
262
-79
-443
244
-360
210
-482
224
-105
-174
-403
-58
481
-339
-5
8
-321
-159
-362
-447
353
-68
-384
-156
-64
3
-6
112
-452
165
75
-378
316
-62
-267
-407
-391
453
-245
-188
-280
297
84
-273
-315
351
-326
298
84
128
-301
-85
138
88
-154
-171
-196
212
-192
136
-284
-95
175
230
250
475
126
42
428
-99
-102
-275
-415
325
332
-445
348
389
-342
84
-172
195
-472
-80
-35
-340
-17
-273
-409
403
289
-104
145
118
-404
315
-379
353
-24
-290
-276
131
370
-318
-271
473
-171
313
256
-210
-19
-85
54
223
-193
20
-123
-245
-236
90
-8
-101
-49
-476
112
-498
79
-34
229
-483
433
494
-87
448
-141
197
325
345
-310
-8
331
170
-30
300
-78
-126
342
421
-189
76
-63
366
89
386
217
325
-320
346
69
-273
-107
362
-417
239
-144
-14
-498
105
-136
110
194
31
-435
272
259
321
429
150
101
-262
-340
158
-345
-347
79
-433
-95
26
-270
34
16
479
-225
463
-402
468
86
230
-57
435
-128
-263
57
200
381
406
301
317
-373
396
396
30
-256
-169
-434
235
207
430
-340
-211
-419
-25
-126
329
-406
215
-245
-399
174
290
-265
-302
-294
166
366
423
-400
-46
-228
172
-234
87
-101
-166
138
485
235
444
396
-138
-239
156
70
-346
354
396
362
227
106
-335
150
199
-357
-164
160
197
-176
78
-36
-357
134
-248
157
-13
-477
-7
-424
-461
-309
-391
480
-190
-295
-189
29
78
127
-449
311
469
-440
-127
348
-394
-478
66
-56
-438
173
440
160
-344
-20
252
227
-491
498
-418
-369
-140
320
323
35
-3
-315
-161
-7
331
307
-418
-431
-228
266
-6
-417
-239
-97
51
-35
-44
-451
-486
-135
-249
-52
323
330
-47
84
20
79
45
420
-49
-351
-264
337
-149
420
182
-427
113
-246
91
370
-112
-110
485
168
-34
105
-53
117
174
-189
305
-42
-216
-452
-138
8
-460
-253
-213
3
24
-149
-186
-156
347
-77
-449
131
283
-117
-65
259
273
-119
-440
-68
345
284
-383
414
-368
428
-254
-360
-156
277
53
-198
58
-327
-468
-134
467
-412
-155
-464
-425
140
321
-458
53
316
334
-209
375
-455
184
402
488
429
163
-245
-371
-127
-130
96
-395
-327
-500
-431
369
249
-428
109
-150
-431
292
185
-465
-477
-144
-296
463
-425
-140
-184
-407
455
-235
-202
-407
151
-187
128
10
277
-264
93
217
248
430
401
140
252
-327
304
243
-276
440
305
-247
499
367
465
72
-42
-208
-446
-488
-446
2
-350
408
201
475
-282
-65
-56
-401
73
333
-302
467
-214
-407
-45
64
-290
402
55
73
369
-486
-41
-455
-406
284
-152
-444
-449
-16
-318
80
163
-254
279
493
438
276
454
-132
-201
-375
-133
472
-446
-469
80
372
-383
393
-419
-349
-43
-19
133
-364
-52
156
381
-66
-413
-113
-453
-411
150
118
-196
-460
-187
-39
126
-66
447
-313
-227
243
147
-13
490
-438
-297
-24
438
-342
-98
-470
-377
-318
112
143
44
-219
394
20
-219
411
-422
-223
-178
-64
227
39
58
155
-233
147
-296
-230
-293
389
-12
461
166
318
-270
110
-52
389
186
119
-6
-378
-72
169
417
-155
39
-74
405
-138
165
-131
-335
54
-165
163
417
-217
391
255
326
353
474
222
-346
83
115
-425
-211
170
-38
-312
91
202
441
105
-389
389
238
421
-393
278
-136
344
-276
-381
295
-389
-17
66
193
-335
498
431
293
140
-353
205
14
-167
229
-36
-364
-265
400
-24
277
-38
112
230
52
-472
44
469
147
-453
-12
-371
-2
-465
287
3
92
222
476
-204
-310
160
409
-200
-42
-94
-126
-96
-308
143
141
-371
444
247
-159
-167
-2
253
-486
165
121
-471
-217
245
-348
-483
-293
-22
46
-275
371
-87
-242
103
-215
-383
53
-189
-228
-354
153
-361
276
-496
-94
-141
-315
250
194
-46
-495
338
208
-189
175
-339
-124
-337
-352
-60
-302
396
358
466
271
-273
371
-159
-39
-277
279
-313
-19
368
-488
-19
-248
-221
-162
292
332
-44
284
-408
-280
-468
205
446
428
-376
241
-110
-338
331
447
257
-219
310
-268
-321
-12
343
-212
-30
174
317
-143
340
-201
-307
409
-404
324
-144
108
242
-389
266
245
238
21
424
-88
-163
-18
-111
-476
149
420
-245
-300
-59
-453
-341
-196
488
-333
-186
-83
-98
175
365
147
235
-286
144
65
306
-278
-295
145
14
-435
-7
157
63
-70
451
488
-216
293
207
419
-457
492
-33
-451
165
-449
120
74
296
-152
-158
-437
156
-223
177
-378
337
324
-283
-73
215
109
185
-124
53
1
240
57
-285
-174
-368
109
467
445
103
242
247
94
400
254
101
130
348
-334
222
-70
-500
-214
253
329
-350
-40
75
-220
-296
-66
-194
-410
-4
-337
-190
-437
-142
-30
-285
233
-404
211
173
434
-125
-257
423
-37
325
-416
260
19
154
-377
0
-46
303
-114
-325
171
-467
186
241
-331
-64
156
-402
236
-57
38
-228
-123
450
489
-167
-211
112
318
-47
407
36
-388
-46
-380
173
286
-64
-127
162
356
-241
471
-205
43
199
-91
469
4
-2
218
-356
-313
-481
-213
311
-118
68
164
289
-290
342
485
432
-233
-366
421
-269
121
-5
149
-281
225
-427
87
-222
-200
-418
-93
-210
424
-180
-393
-181
235
262
-151
-408
-333
-192
-210
-282
271
83
-48
-487
-226
-462
-473
-92
278
-323
-152
-491
348
-1
-81
-386
-68
-492
11
-200
-339
-126
364
390
234
165
-303
5
285
328
-436
-188
-296
-69
-53
-359
121
73
-496
-239
-445
498
12
247
471
-403
-30
-264
-157
-265
160
-341
296
490
-444
-103
219
61
-222
108
341
22
123
449
-387
-465
305
-83
-449
-222
-8
358
-497
-251
-255
-337
362
-383
419
136
-305
461
-338
50
-333
404
16
-287
-125
-450
-79
-441
-206
-104
-80
32
-125
62
134
435
-208
-447
-315
-436
242
302
-345
47
245
393
34
102
142
141
-87
379
-140
-428
281
-292
19
91
-458
-500
356
-68
63
107
329
212
287
-201
-18
483
-156
-359
276
-403
307
-135
249
468
-32
-19
15
319
-83
152
483
40
-328
-198
280
-74
-85
201
-489
-316
-292
-191
-262
48
217
-468
-395
-266
-381
158
-203
-229
-397
-238
-235
-84
-41
50
-377
60
-16
-464
-485
410
124
-212
39
-15
19
-444
68
142
-370
91
389
-3
-373
-299
-250
-65
-125
-219
199
259
-145
211
-64
409
-463
-136
467
364
78
-50
199
-329
-206
-173
423
-71
-8
120
215
-437
-410
155
-359
11
-127
267
-211
-243
-201
187
-316
-297
-164
-244
55
412
351
130
-52
-345
-411
203
-436
179
392
217
-297
299
-223
321
442
255
65
136
168
200
70
425
36
-231
-426
209
64
390
-235
-4
334
-463
271
-489
77
362
-328
60
473
-113
90
-38
119
155
64
-11
480
-22
244
-71
138
200
87
355
-158
426
-406
-322
-420
-120
-362
-327
-87
-104
383
-335
-473
-235
-256
-421
82
-495
163
-219
-391
-392
-194
380
204
84
229
-414
-354
336
358
-366
-50
416
169
150
268
493
-21
93
-251
-83
-452
-277
272
-101
-38
214
-267
164
347
132
-464
-194
246
-267
120
-287
-26
-4
151
-449
-473
77
38
248
215
-389
96
93
-189
88
26
-430
-468
191
-441
-418
-393
-195
-378
-486
353
-19
488
-275
-403
-357
-331
-65
-470
54
19
483
441
-303
-111
-29
185
-477
183
-149
-382
139
-147
-242
-394
466
-227
-446
-326
37
-395
-332
-127
136
-303
46
88
-188
151
71
441
-340
63
256
-431
43
-372
334
-199
88
-103
-416
121
271
396
-287
-373
230
-381
-369
369
-385
-239
-7
-52
-149
109
-195
499
343
383
-128
-128
-388
-91
457
-424
97
-311
62
337
-61
252
85
-361
-479
46
102
240
483
-82
357
-308
19
201
326
398
-430
-193
218
433
323
334
-42
205
-475
212
9
-139
438
-363
30
41
56
-207
-70
-138
175
-147
-73
304
-494
64
-484
-76
-475
-321
352
-89
83
-442
-494
-211
-29
129
-486
104
-206
380
-386
-191
-463
-260
301
346
388
-184
136
-275
-230
-37
-277
216
380
413
426
-242
318
-467
179
345
359
-402
278
379
-369
-260
-430
427
-221
326
-432
294
-261
-383
267
266
263
-331
35
208
43
127
-360
-381
335
-211
-91
57
202
256
285
-240
-300
-232
-50
438
-38
421
214
148
-254
208
446
-56
-105
-72
-23
262
-355
-340
-6
148
-3
471
-198
-269
457
158
-456
342
330
12
-275
22
-460
307
94
470
167
328
-197
341
-45
387
-38
334
181
195
223
-93
312
147
-89
41
-239
-364
263
-271
466
-282
480
303
377
372
317
233
-17
-77
-97
88
334
6
-406
-183
356
153
-307
109
8
-33
50
-238
435
136
-471
-317
-400
183
-239
403
-457
-136
-497
-51
347
0
464
83
-430
229
-149
-242
-209
-365
73
-195
52
-406
184
108
443
-347
221
-1
167
218
368
-260
342
133
132
299
-339
0
44
-31
3
145
-31
-144
189
109
39
279
-384
-208
470
299
-437
224
130
-494
499
153
460
390
143
4
281
-371
132
223
240
-64
-404
52
-404
291
90
-397
302
407
125
-172
418
-167
113
442
-117
-125
248
-432
-323
-382
-498
126
299
7
39
154
326
498
364
-160
224
465
368
-397
182
63
-304
-322
-291
459
421
223
-119
171
234
126
-224
201
-379
-95
-120
63
46
122
-67
-30
252
88
-248
435
-223
304
-457
-216
104
453
-36
10
-241
319
-321
70
359
-283
-304
-221
-255
-372
273
413
-122
-375
376
-42
459
-340
-81
-254
169
-288
311
107
426
-227
182
-383
180
-404
-433
281
-339
265
-59
-198
-274
310
204
-171
-74
-346
-275
123
315
-161
57
-348
427
84
-175
-56
33
-282
341
-453
-493
71
143
85
35
-422
99
-351
-439
491
251
112
183
74
-269
-351
-45
-410
319
15
487
-313
292
87
216
30
-310
-405
270
123
-253
443
424
-106
-206
154
-334
-381
293
-152
54
-425
62
323
88
444
-32
-148
-147
-324
488
-57
-102
-174
-441
319
279
-444
368
-496
387
4
-122
-63
244
307
188
-212
-221
77
482
-165
-204
-29
460
411
125
468
498
272
-439
338
242
94
134
303
44
97
-166
-25
375
-390
-250
289
-40
-450
197
-376
-421
280
-245
-321
-428
275
-307
153
-353
427
-135
-352
-306
310
-443
-404
443
-451
262
283
303
440
-237
-410
453
304
201
372
-415
6
-490
409
-287
0
389
-282
16
382
265
466
-100
481
156
116
-268
-314
-219
-435
-448
-347
346
-89
-212
413
-179
-361
17
-336
-275
-233
-426
-179
67
140
417
-44
434
193
420
339
79
-440
-217
296
-118
322
-216
146
358
267
23
136
320
431
160
98
121
-200
-321
250
200
-148
156
-2
391
-421
-87
-485
199
275
-248
87
-356
-288
73
285
-372
-8
30
-2
355
371
-195
-42
244
-62
1
136
479
-181
334
134
13
-330
-362
-273
-96
285
404
-197
-92
-232
447
-418
15
435
-9
107
-143
375
-31
-371
269
180
395
329
-454
-302
253
-47
78
277
-465
-120
441
117
-426
474
-426
-155
-120
-157
87
-273
-411
86
424
-278
442
308
447
393
-222
-396
349
205
364
332
-225
-192
-319
-294
-469
-49
224
131
-267
66
-359
397
361
17
33
-489
-5
-375
41
41
91
-192
405
323
-245
445
6
185
-2
431
30
-264
253
-259
198
265
-336
-326
-188
-364
3
-43
-148
-143
-419
-455
446
-71
-140
-234
108
223
-337
-178
-259
466
-97
-143
450
-414
444
-461
-367
-198
-464
405
-356
120
318
268
347
-180
313
-95
-462
-367
455
48
242
-291
498
-424
-175
-269
-178
306
-427
-70
499
231
-139
306
-277
-274
-309
-36
-176
-450
-180
-324
401
-174
111
91
-82
-213
410
257
-216
-392
-490
355
115
241
-413
368
213
401
479
-271
332
213
120
-414
-94
-459
-403
87
-287
74
308
405
-273
65
-192
171
-36
233
312
-466
396
-185
-354
391
220
6
-310
-18
-362
-178
250
-77
-429
-409
-156
-313
206
24
-315
-123
-310
-178
44
210
-201
-395
128
-451
-68
-84
-97
480
-412
445
-167
16
67
228
-134
400
350
115
-52
391
324
-115
333
-364
-279
-380
464
440
48
-65
344
73
271
-64
92
114
378
-360
-451
221
418
269
-166
-374
257
327
120
478
-342
-216
27
74
373
152
386
413
-228
-9
327
-189
-48
-37
-68
153
-400
259
245
-370
-364
251
-478
209
65
227
472
-446
-449
207
-122
-106
-1
486
281
-237
407
-231
199
-382
50
178
-158
-114
-188
237
-231
-45
-163
181
-475
497
-419
-10
342
-93
-238
317
-491
-354
180
331
362
64
-387
-67
312
-35
181
-332
245
331
-440
127
80
-42
-92
136
-103
327
-43
17
216
-130
182
-120
-187
-491
-357
-126
-499
-410
-240
52
-63
218
315
278
-227
379
425
303
273
-331
435
-307
437
-46
409
-117
498
126
-80
-319
189
-337
-386
-8
382
232
-380
302
-179
-193
-334
155
71
7
-311
361
143
130
-138
17
402
153
243
47
-66
-12
-58
359
-400
260
-125
-125
169
-422
363
-226
103
-178
395
40
259
-377
-19
-35
-498
-221
122
-70
-236
-453
240
-132
-237
403
-221
-465
-81
67
-443
-107
-211
-239
202
61
431
290
486
-8
143
415
-242
-180
234
321
258
278
-329
-222
45
-345
366
-488
94
-448
-481
-493
-388
266
299
327
354
-464
-236
2
-249
-2
-80
420
33
-289
-207
-371
286
-152
289
-80
133
-59
-356
0
364
-359
-479
402
27
-224
166
149
42
424
178
-280
193
316
-440
-279
-445
-268
70
-240
-143
-249
244
-167
362
236
-275
-255
-237
99
-127
170
121
-202
463
213
-486
-138
475
474
331
271
-123
109
33
-427
-64
470
-212
67
-135
-99
371
384
-358
112
-103
188
-460
291
-449
-80
-114
443
50
-493
98
-106
353
-153
-294
192
-243
95
-72
86
373
-366
300
288
-201
-245
457
195
-267
472
299
237
-344
-150
-184
-174
-178
-316
423
-90
-116
-66
-442
25
-26
-458
-383
440
-140
172
-356
-225
-45
55
239
-238
387
-249
-9
295
-37
190
209
78
-292
361
-263
2
-470
380
-130
-427
171
-483
-299
-62
-424
-226
-186
-244
-363
-484
-165
61
327
23
-219
100
111
-447
-62
-430
192
-373
447
194
225
-21
-183
113
304
114
410
-21
-199
-429
104
-63
-147
-200
-314
112
437
-265
157
-54
-145
-352
251
184
79
137
391
476
-58
-200
-120
44
-430
7
213
96
457
200
-49
23
-394
355
-241
256
419
344
-254
-190
367
325
-367
-43
-31
1
-161
77
228
133
-467
-333
223
433
-463
-499
190
-440
-133
346
86
89
155
-264
283
-366
-161
0
388
495
264
235
-110
80
-391
116
-334
423
-426
68
-332
-364
368
-176
166
-217
299
-327
317
-243
-435
359
-24
-100
224
-222
-331
396
173
-165
-339
338
188
233
368
-202
277
-358
324
-79
335
267
485
299
178
-50
220
-169
69
-1
-166
-334
182
130
429
405
-241
490
356
330
-54
-231
-251
239
-94
-171
-53
-365
-44
-132
6
157
-151
-104
-78
-202
373
177
221
-227
57
338
-174
-326
-500
495
-344
-443
303
462
-461
286
-215
493
474
65
17
-254
-108
-152
-498
85
375
-299
493
177
316
-214
-292
130
-468
81
-232
82
-228
107
443
-425
238
-89
-327
-111
-169
-7
-172
219
-129
-145
-79
357
280
126
-215
-128
-229
471
463
-375
-319
-178
-321
369
349
-328
430
-43
18
203
220
-134
122
-58
7
481
-325
112
-246
-119
372
-227
-194
-40
365
-150
350
-95
-204
395
-189
-200
144
317
393
-84
-269
-196
39
-342
62
371
-299
168
135
-446
-265
-162
-382
-196
-303
158
217
81
-248
407
-484
218
-496
-1
-178
25
-339
122
-109
-81
222
304
48
-409
249
371
-428
-404
318
-499
-428
137
325
310
-385
11
-214
492
198
153
83
-438
65
486
-100
13
-201
-460
335
-463
210
79
-224
-285
-168
-69
290
-473
54
-174
85
121
262
-250
335
-122
393
-307
-117
311
-262
-332
424
238
336
159
-262
62
191
-265
71
-468
-240
281
-209
-7
-140
110
-23
184
221
-241
-63
-128
-433
462
-201
-186
-350
-479
120
-395
157
-477
299
41
155
38
-122
173
-308
-273
-164
-181
254
53
-140
481
459
-158
-482
-217
216
199
-411
479
231
51
170
373
-141
424
-89
170
115
-35
-126
-263
482
249
338
322
-269
304
-8
-7
423
-382
117
14
102
-182
-146
308
-497
-163
-111
457
433
319
310
-397
367
4
-187
-233
316
165
204
-211
-322
-378
499
-291
4
-304
-449
412
-293
96
-444
113
434
-344
-229
-459
69
103
167
-222
-425
-83
-197
-338
439
234
454
226
-10
-276
176
-243
-86
-172
-165
-21
-181
-355
-197
306
-215
-23
250
-163
263
-303
-332
211
-267
-228
197
-287
498
-75
-287
261
319
336
-231
269
-259
-175
-79
482
419
298
-302
105
321
292
222
-76
-201
360
492
98
166
465
-101
242
65
-258
-7
-282
27
-37
-242
488
-385
73
159
-18
375
33
64
460
-444
268
-83
464
498
63
390
-60
49
-227
413
-362
-67
114
-405
354
-63
27
-297
499
332
-298
-46
-45
40
-290
-10
-253
-368
-261
49
266
-205
-468
42
397
47
-66
244
-498
-148
-448
169
-246
50
-381
54
0
-22
305
-455
-152
-170
65
-373
353
-187
461
-76
287
-428
143
-192
-191
224
-353
343
-100
-428
-303
-194
-497
282
-300
146
280
33
-300
405
-80
155
489
268
-173
-306
-300
-65
229
404
188
83
85
-490
456
429
209
243
-141
30
-98
-224
-346
-72
-220
-2
-459
65
-371
419
-153
-180
-388
-444
-497
-369
-417
374
480
-386
23
211
-386
-5
-117
113
220
493
326
-229
436
-464
-327
170
2
-356
1
61
-12
328
-348
135
-194
309
57
-132
-30
29
-494
324
346
335
263
-256
-494
191
-338
158
-456
166
278
-452
239
358
482
-189
-354
-58
53
359
129
22
-114
-349
461
387
-96
-196
438
-485
-357
-310
486
-499
-76
-399
-228
429
163
311
481
343
16
321
-450
-396
396
-52
327
-255
-279
-472
476
-354
-305
-177
-51
111
-218
-382
-214
358
219
-471
23
87
-439
237
-67
381
-462
-283
278
241
377
286
-494
64
-399
357
491
455
-24
192
293
-386
-287
340
306
-400
152
161
146
44
24
-377
-376
-13
-203
-38
-458
-342
-485
446
-293
-496
-250
-265
-232
-92
-183
384
10
-75
-373
-170
-119
-474
-265
-91
-127
-279
431
-168
-272
-123
70
-267
-284
254
161
18
-233
138
315
332
440
30
-15
289
364
478
71
-103
283
268
-349
-279
-83
-307
241
-403
-248
388
-411
320
-273
183
217
330
-67
-483
-482
13
247
298
117
371
109
-206
-110
350
41
-55
45
-106
149
34
48
-40
-275
-151
315
-477
-488
64
-234
-122
49
494
105
-243
313
155
-145
346
460
-443
150
484
-349
-221
111
-378
303
390
56
306
-157
194
-330
193
-366
-244
104
-417
-299
494
1
-317
31
-262
-179
114
189
-367
-463
385
-410
198
-66
91
383
64
-191
446
238
192
-280
-379
-493
-40
-465
355
323
412
-377
56
-449
-228
145
465
56
-34
-48
412
457
496
-67
169
353
170
215
145
-241
79
309
69
446
157
-155
8
274
-121
-325
-429
-297
-34
290
276
-490
-20
334
317
-448
-32
-465
-84
-389
-104
488
241
-241
50
-232
-164
244
-110
95
-256
-398
53
110
-107
426
-363
-309
-323
-209
-119
209
-9
-295
156
159
-128
336
398
92
291
44
-108
-43
49
169
103
-252
-276
-389
338
-174
312
370
46
173
-44
370
-59
391
415
-223
358
-375
230
187
-3
35
102
390
395
0
346
297
304
200
210
-405
-440
224
-177
388
466
-435
-48
-446
396
120
159
482
-298
1
-105
-493
176
14
186
-234
227
362
-328
-432
146
-166
-285
-162
-21
-485
-434
345
463
-139
310
217
67
-473
-190
292
172
175
290
376
375
120
187
-107
-395
339
-379
-211
-486
-57
-132
-303
51
-246
-258
132
350
-386
75
381
53
314
-481
341
191
178
-61
149
-296
394
93
-449
-429
-205
-308
-475
146
321
-268
140
393
277
331
19
492
112
-335
-188
285
177
441
58
-400
409
-178
-439
100
346
202
-73
-100
-28
-415
-380
350
-183
-375
-245
-438
-284
486
-471
382
434
487
276
482
0
348
-422
12
-374
363
26
452
-465
450
-338
473
-370
-75
299
-382
304
-261
-79
192
210
169
175
-14
409
-250
69
191
411
176
-335
421
45
-422
-400
497
123
414
-226
108
58
-333
314
-133
463
-218
431
290
-314
410
-423
195
66
-416
-228
330
-328
91
103
375
-206
334
-460
-141
284
-259
-73
-448
-176
301
-5
390
465
313
-367
43
354
-192
23
127
-182
278
5
-499
98
-30
-146
-39
306
-231
325
-469
-189
-102
-187
224
-374
-45
82
221
354
379
-34
-116
-86
-314
230
252
451
228
476
364
-433
475
57
16
-172
-461
260
-187
386
465
-255
-446
476
-37
78
66
0
-92
-84
-101
225
302
272
-62
-189
-379
86
-89
240
102
10
-423
-207
460
463
-164
341
296
-105
-413
194
-232
334
388
134
-89
-93
451
108
-337
-248
42
-188
77
-362
-235
-297
-382
-295
-293
-48
-152
73
-216
-45
-333
261
-484
-1
-258
225
204
-487
-172
204
-44
468
383
304
400
213
135
303
76
-151
467
265
216
322
198
-367
222
91
-313
135
-154
195
49
-67
-34
149
-109
-49
-134
-62
48
29
483
372
181
-204
-181
-186
-195
-6
317
45
497
435
-13
-99
-455
-306
301
-391
-497
-387
325
193
-142
261
-82
-50
-163
-250
-179
-316
-64
-362
301
-62
281
343
-360
-99
313
-93
-215
193
318
301
198
114
445
-436
104
-303
149
-243
-65
-65
204
-210
14
420
378
369
477
-445
-328
133
-392
358
-367
-451
120
-298
-447
-100
-205
95
327
-368
375
57
-437
304
4
-228
145
-376
34
-321
202
-134
234
-9
-172
-281
23
444
-70
-270
20
-315
192
339
-20
396
-56
-98
-357
-251
462
339
108
71
-85
457
357
-427
-136
204
-91
-452
-402
428
-344
267
-186
-371
373
333
376
-150
-335
96
112
189
364
-277
-177
107
327
-257
480
-216
-283
363
258
-338
-425
-129
-138
-51
80
225
321
-29
-414
264
183
213
82
-185
28
-190
-127
111
174
-489
459
225
-408
133
249
256
376
-335
-432
314
211
-208
-492
-349
-447
1
-29
-74
270
-61
274
-360
103
-401
40
110
-475
12
214
170
411
105
-312
246
-297
-151
-222
228
200
323
349
155
-97
-229
-447
-110
204
-70
-238
-473
339
446
341
-265
-263
318
-379
493
-407
-362
231
-136
-49
-102
403
-395
-396
-238
448
203
-277
242
226
446
89
-381
237
-168
-454
-351
406
95
-250
187
331
464
263
453
9
-116
-272
-215
135
61
-409
-15
-296
-495
-132
447
-214
-58
-19
58
304
-404
-280
394
145
-383
-420
289
446
443
-268
-365
-387
263
66
438
-159
-349
253
63
-25
437
-394
-336
354
-396
414
232
463
-401
363
-36
-387
191
383
234
244
368
-193
-109
-196
-62
-161
191
-172
456
-129
-59
-62
-70
105
-365
188
418
-417
366
490
-445
-460
41
-297
-152
325
347
-421
268
-478
-78
379
332
-307
-27
343
-139
-241
-464
98
-86
336
398
233
-27
-206
33
-7
228
275
-305
108
-484
244
189
328
266
-312
455
112
-9
111
59
433
449
61
105
-263
-368
-209
-173
158
-454
-232
75
-281
-359
308
229
-447
-208
-146
-149
493
326
313
363
-412
3
144
-423
-328
-197
-76
-394
302
-224
465
283
412
188
-204
-140
-64
-53
37
61
248
-332
-30
187
458
-41
402
-181
-363
-240
66
-393
-365
197
17
233
-12
-286
-346
-146
122
-338
272
442
-324
-476
316
-136
496
493
414
46
-211
-249
-385
419
-468
456
-381
213
-99
-396
468
42
210
357
148
-286
-329
62
371
-278
-208
-318
439
85
-105
27
11
433
142
37
-177
-356
-155
-480
317
383
82
97
200
32
-405
-59
453
17
-306
-270
-268
-182
-124
101
-307
-67
-378
192
-247
-393
-188
29
24
5
-56
-315
-429
364
280
324
-304
189
-461
264
132
74
362
-161
-374
351
-271
-79
-109
-335
-205
-307
57
-460
-157
390
-479
152
266
210
71
-447
-428
-305
-413
409
-130
-412
237
-131
-467
42
-222
111
469
118
71
282
65
-99
377
390
-363
-141
-291
-249
127
-470
20
390
302
43
423
-171
-307
78
1
166
-248
-284
-19
-360
184
-478
-369
252
414
446
-430
225
-181
-261
-413
-136
332
181
415
213
485
335
-218
-161
67
347
67
-10
119
449
-82
-109
-383
404
30
-152
420
237
-295
-385
-272
-43
-163
181
459
295
71
62
-44
58
-4
11
162
287
181
-83
434
-359
73
337
-46
140
-368
465
27
179
108
-86
209
238
-56
-405
-25
300
-15
27
-2
100
-121
271
-225
-496
-467
-439
-47
406
228
-171
-277
-388
-86
278
-337
-132
160
87
-175
-128
-347
-220
-313
-344
353
218
-387
-100
-464
362
-198
-347
418
-166
261
301
61
-50
107
-429
11
121
451
-222
-309
96
-177
166
431
-393
-361
397
-298
-375
-54
-401
84
-381
-350
-185
447
-448
370
366
-474
-431
-307
-421
-484
-138
306
-291
480
-247
360
32
-171
408
464
-243
-106
-53
-31
428
222
-96
450
293
387
161
-283
-58
-200
-208
-376
-41
251
-416
-248
-379
-98
-256
149
69
-200
430
417
448
-235
414
270
175
-346
393
420
-1
82
441
-356
121
-382
-100
-308
-146
-356
-136
409
188
-371
-100
280
-256
156
343
354
-350
298
399
128
292
-14
-499
27
473
390
42
-213
-94
-129
124
377
310
440
130
-497
-499
-448
-206
-76
436
-480
-271
319
365
-366
26
-482
-189
-461
269
201
183
-187
-149
-366
-384
373
-282
-37
102
-424
3
-184
5
23
470
-197
-474
339
352
-402
3
-26
191
271
-243
-318
162
339
-136
23
476
-133
101
423
-307
-3
88
-5
386
-372
333
331
321
360
17
412
-186
-159
-336
-278
492
-29
-314
171
-303
-292
121
79
377
434
-290
-121
-401
-421
-401
-365
214
81
-171
-28
214
30
453
224
-235
172
152
331
-246
-156
368
-180
174
-359
30
4
-319
430
225
484
375
-491
117
451
417
-47
231
242
260
-119
-303
232
-488
191
8
-39
17
-39
-94
25
55
290
-176
32
-434
390
204
458
49
94
454
284
356
-156
96
205
412
-499
307
311
440
410
-430
373
-354
-365
-192
483
133
-432
487
219
23
-301
-71
-415
184
-415
385
-474
248
273
-307
-335
-74
-87
376
167
-406
302
48
16
154
95
85
145
219
-49
-115
430
82
221
-176
-20
107
-265
-239
156
415
11
-479
327
-385
280
-438
-334
217
405
-53
233
-241
141
388
330
19
-30
-435
428
114
283
-135
-268
199
455
-56
-473
-52
212
57
-309
-349
-281
251
83
281
221
-100
374
32
-82
428
314
-497
151
171
440
332
-6
460
-363
-330
-168
-459
-368
-355
288
-373
-340
-165
-465
218
-496
-153
-244
81
-460
389
-195
-451
298
-430
-309
-104
-304
355
51
-271
-452
-216
3
-306
454
251
-80
-480
319
-323
119
-63
492
93
-261
38
-4
199
423
-34
247
-431
130
-449
27
-56
-338
-434
479
436
345
-223
94
59
-421
376
331
340
263
-248
427
-265
262
362
-230
368
-444
-296
330
152
399
-4
431
-416
-19
478
153
-48
167
9
89
-147
-459
383
-168
-158
342
-67
14
-137
207
156
435
171
39
11
-193
268
281
158
-112
458
-264
-174
-464
-152
-155
10
-423
-399
-277
-121
-327
-246
163
74
-307
379
30
428
-475
123
190
-33
445
-257
60
-241
45
469
170
384
171
-492
-379
130
-384
214
346
483
496
-169
-145
-88
-360
-172
-17
181
-493
464
-182
-72
-263
352
132
264
-232
269
-119
293
287
-415
464
-393
-70
-162
207
-336
-367
-468
-43
-22
-468
46
432
194
-233
-223
-174
117
260
379
-248
80
151
-258
146
318
-125
-144
-138
-153
-167
-447
-305
410
-134
-252
481
301
120
-182
48
475
7
339
-105
191
420
438
-4
490
-58
264
-468
408
333
-116
-44
-312
191
389
288
276
170
-391
-355
479
-149
-479
-173
-481
-205
25
496
-59
-169
-224
-427
312
347
455
397
-63
360
-129
405
68
-480
-213
-424
482
291
293
-390
230
30
271
-196
-103
194
-85
-160
399
111
-23
195
417
267
91
77
56
-190
144
-160
235
492
-150
416
-202
-296
76
459
-437
445
-156
-273
1
-85
-234
411
59
471
175
-382
-69
115
498
325
-117
176
487
300
-71
210
19
171
-353
-47
-126
238
-321
355
-494
-308
-383
-44
-224
453
-233
-251
-307
2
1
180
-483
85
134
26
408
-381
494
25
33
122
-283
275
29
-147
-74
172
-420
-452
-460
27
231
204
465
-17
-500
475
-161
-456
58
-367
-18
-15
-202
249
192
434
-464
121
44
-246
244
154
-179
-117
475
-159
426
423
27
94
-332
-355
-39
474
448
-187
119
-349
25
433
280
449
467
-101
-360
231
-24
280
160
-9
135
-42
3
286
283
-423
-118
82
7
159
-452
-85
17
463
464
-164
-476
-176
300
-121
-186
385
-404
111
-27
295
187
422
-258
-257
364
-354
-237
-465
458
210
142
175
-309
371
430
-463
143
365
384
-136
-68
-497
-66
304
207
-348
480
-220
-323
250
-138
391
-188
488
-110
-40
-161
-237
295
402
-348
-19
-496
-246
193
-151
-367
428
-51
-223
-259
-270
227
-392
-138
183
-13
-62
36
212
-335
483
358
-292
-152
251
-138
-298
-19
-30
197
-121
-430
482
-288
450
498
-320
-390
-142
-482
-449
330
399
8
-369
-336
-297
125
206
472
400
227
-418
236
-331
123
296
405
442
486
430
-53
479
80
361
-341
245
396
-88
185
-193
-172
-322
193
-386
-348
459
199
-283
86
-342
77
275
-3
296
152
487
-255
-458
-173
-298
-226
-333
-129
-413
104
351
-181
147
471
-81
-194
-288
-480
165
72
48
-111
122
-483
164
-404
188
-145
327
-147
172
-18
283
-291
-328
-1
354
-415
-18
-467
-339
306
106
9
-199
140
-448
-255
-333
351
-136
254
332
-276
-397
98
122
-475
163
-395
85
311
44
234
432
-131
35
-62
299
419
-48
-373
37
131
-89
242
282
-388
216
-477
-456
-57
-312
475
488
417
150
59
-395
73
377
329
-78
-123
-52
-151
-238
372
77
431
-396
114
-54
-252
-101
-263
-284
-300
313
-139
316
9
-192
139
-439
-359
123
68
245
-486
219
476
-168
-274
-458
123
205
-340
-317
-439
-21
410
34
284
419
-70
497
439
76
251
201
-51
245
243
257
-133
20
283
-185
-194
226
193
-374
63
-288
-372
-219
-280
-294
276
32
-445
-484
251
381
405
475
24
220
131
-356
183
492
494
-187
-231
-270
88
-31
174
-397
422
345
377
-165
286
283
471
71
291
-352
276
233
299
-282
145
-67
494
362
351
-108
495
-438
184
-339
-458
201
-368
-250
443
397
192
251
31
173
110
-290
-362
-85
-405
-379
-497
452
428
-18
-132
449
-308
275
167
335
-264
226
117
-218
-393
359
-339
216
-207
-415
151
221
128
393
-44
-475
-298
-374
108
-65
-206
78
267
229
-112
-458
-366
-299
293
-408
8
-144
82
-393
161
465
-367
-252
65
250
-452
-78
-378
-491
-30
-218
-176
-465
-475
-158
247
-435
-334
-269
40
157
459
388
394
-436
225
459
423
-300
76
-206
-362
20
-268
-10
392
454
61
357
-114
372
-44
257
-241
-394
217
-402
-325
-49
-155
-58
-310
-149
66
-497
-494
-255
-146
0
-475
-411
-2
421
-67
-325
-356
304
302
35
-51
293
4
-192
344
167
-300
-299
129
287
-154
126
283
-28
355
-367
-396
286
453
-272
-16
147
99
-440
331
-203
-126
35
-176
-417
461
413
-204
140
-499
52
438
381
6
399
303
304
115
66
-347
-101
-195
-474
-435
-201
-429
-143
350
73
-450
301
-307
-57
-24
47
-207
164
377
45
326
-67
-171
-358
-30
-197
-305
-278
-220
-446
-75
179
-469
-467
406
-68
491
-153
-30
-476
-489
104
-438
222
90
-301
-142
-6
-96
459
105
-362
426
-431
240
220
-430
-337
55
261
-396
348
-424
296
-352
-129
269
-341
37
-456
55
445
-306
353
34
-279
-130
107
52
-230
445
200
317
-179
-52
-213
252
462
-207
-314
-139
328
292
208
420
-337
27
-234
73
-282
-71
-301
457
-140
-96
159
443
-427
35
18
-151
-38
110
-216
316
-96
-469
255
-153
361
118
307
366
-149
182
226
-347
-15
433
-129
194
-396
-467
-167
341
245
242
-43
417
288
-157
179
-74
275
336
399
-282
7
392
15
-368
271
418
212
100
121
-167
106
177
177
6
-43
-360
-336
323
-255
-71
-224
-57
-430
161
73
338
58
18
438
-119
-410
15
283
7
146
93
-83
-261
422
-315
-179
233
-281
-88
-364
279
-261
-218
385
39
-239
451
90
-31
441
-437
321
354
58
433
-141
-307
161
-260
-258
-409
394
-331
359
364
222
425
401
-440
-392
43
-276
157
25
294
98
-224
132
-101
-381
-362
425
-187
66
82
271
63
180
488
325
-373
-429
478
-330
-455
385
-431
-78
-479
316
-164
-450
29
-139
-102
338
-337
-171
264
-166
-417
61
-238
-380
-397
-334
80
103
-223
-408
-341
-256
412
-266
480
-29
-255
-13
-21
408
29
353
110
82
283
-413
-105
452
-333
243
108
-267
416
154
241
65
309
357
-434
379
-196
-34
-355
429
157
-409
-362
-205
-120
426
92
176
349
355
305
-270
450
179
-163
-485
270
128
-65
33
-16
425
-172
-243
-8
-86
162
-112
-80
100
104
-438
208
181
425
191
449
-401
71
-259
-349
431
-116
-439
348
11
115
-370
20
-449
-392
176
-470
112
-55
231
262
380
302
465
-237
-296
-245
-251
-249
242
22
-232
253
145
-434
170
-444
-307
-118
52
41
-233
-91
481
299
32
367
-131
-9
427
-468
-405
-264
-306
429
-432
-203
105
478
446
176
-366
309
-395
489
-154
-124
374
484
-63
119
336
-270
393
-311
-5
-29
320
-334
231
-164
385
257
-177
210
-74
-468
59
216
498
-127
-49
-285
-65
376
-94
-43
-197
491
-48
-345
493
-115
-446
-192
-304
365
-157
-496
-67
96
-23
-62
-254
109
290
-123
-14
-105
62
-186
317
-342
485
-436
-332
120
294
-484
282
-463
-333
328
214
75
-157
0
203
-485
14
60
189
54
-218
-99
396
-488
469
326
-415
-471
471
408
-72
-362
-162
334
-101
489
-361
75
-429
-174
-279
-104
-71
148
224
171
-235
-211
174
-29
381
-498
125